{
  "advancedEditorSelectedIdentifier" : "ProjectBrowser",
  "openSceneRelativePaths" : [
    "flying_toasters.usda"
  ],
  "recentIdentifiers" : {
    "635BA9E0-2AC4-4ED5-921F-FAE3E5304E8E" : [

    ]
  },
  "sceneCameraHistory" : {
    "635BA9E0-2AC4-4ED5-921F-FAE3E5304E8E" : [
      {
        "date" : 730021284.352927,
        "title" : "Untitled",
        "transform" : [
          0.99992806,
          1.950533e-10,
          0.011993121,
          0,
          0.008480417,
          0.7071068,
          -0.70705587,
          0,
          -0.0084804185,
          0.70710677,
          0.7070559,
          0,
          -0.08823249,
          1.4901322,
          1.3239777,
          1
        ]
      },
      {
        "date" : 730021281.327246,
        "title" : "Untitled",
        "transform" : [
          0.99992806,
          1.950533e-10,
          0.011993121,
          0,
          0.008480417,
          0.7071068,
          -0.70705587,
          0,
          -0.0084804185,
          0.70710677,
          0.7070559,
          0,
          -0.05938679,
          1.0029658,
          0.8911319,
          1
        ]
      },
      {
        "date" : 730021278.277271,
        "title" : "Untitled",
        "transform" : [
          0.99992806,
          1.950533e-10,
          0.011993121,
          0,
          0.008480417,
          0.7071068,
          -0.70705587,
          0,
          -0.0084804185,
          0.70710677,
          0.7070559,
          0,
          -0.21766643,
          1.0186551,
          0.8735431,
          1
        ]
      },
      {
        "date" : 730021265.959894,
        "title" : "Untitled",
        "transform" : [
          0.99992806,
          1.950533e-10,
          0.011993121,
          0,
          0.008480417,
          0.7071068,
          -0.70705587,
          0,
          -0.0084804185,
          0.70710677,
          0.7070559,
          0,
          -0.21781619,
          1.0193559,
          0.8741441,
          1
        ]
      },
      {
        "date" : 730021260.114539,
        "title" : "Untitled",
        "transform" : [
          0.99992806,
          1.950533e-10,
          0.011993121,
          0,
          0.008480417,
          0.7071068,
          -0.70705587,
          0,
          -0.0084804185,
          0.70710677,
          0.7070559,
          0,
          -0.16368528,
          0.51747006,
          -1.1296332,
          1
        ]
      },
      {
        "date" : 730021251.287212,
        "title" : "Untitled",
        "transform" : [
          0.99992806,
          1.950533e-10,
          0.011993121,
          0,
          0.008480417,
          0.7071068,
          -0.70705587,
          0,
          -0.0084804185,
          0.70710677,
          0.7070559,
          0,
          -0.04203807,
          2.3383994,
          -2.9492342,
          1
        ]
      },
      {
        "date" : 730020367.962844,
        "title" : "Untitled",
        "transform" : [
          0.99992806,
          1.950533e-10,
          0.011993121,
          0,
          0.008480417,
          0.7071068,
          -0.70705587,
          0,
          -0.0084804185,
          0.70710677,
          0.7070559,
          0,
          -0.057832833,
          4.6228538,
          3.7192667,
          1
        ]
      },
      {
        "date" : 730020362.287233,
        "title" : "Untitled",
        "transform" : [
          0.99992806,
          1.950533e-10,
          0.011993121,
          0,
          0.008480417,
          0.7071068,
          -0.70705587,
          0,
          -0.0084804185,
          0.70710677,
          0.7070559,
          0,
          -0.03924,
          2.657383,
          1.5061886,
          1
        ]
      },
      {
        "date" : 730020348.426141,
        "title" : "Untitled",
        "transform" : [
          0.99992806,
          1.950533e-10,
          0.011993121,
          0,
          0.008480417,
          0.7071068,
          -0.70705587,
          0,
          -0.0084804185,
          0.70710677,
          0.7070559,
          0,
          0.09719416,
          2.922125,
          1.2430642,
          1
        ]
      },
      {
        "date" : 730020341.465677,
        "title" : "Untitled",
        "transform" : [
          0.99992806,
          1.950533e-10,
          0.011993121,
          0,
          0.008480417,
          0.7071068,
          -0.70705587,
          0,
          -0.0084804185,
          0.70710677,
          0.7070559,
          0,
          -0.004207194,
          1.1338367,
          -3.894928,
          1
        ]
      }
    ],
    "AF09ED6F-1707-48FD-8720-65B998362C09" : [
      {
        "date" : 729990316.411623,
        "title" : "Untitled",
        "transform" : [
          0.9206945,
          -3.6447009e-06,
          0.39028412,
          0,
          0.01351734,
          0.99940026,
          -0.03187857,
          0,
          -0.3900499,
          0.034625962,
          0.9201424,
          0,
          0.40474164,
          1.8097949,
          0.0217129,
          1
        ]
      },
      {
        "date" : 729934636.347836,
        "title" : "Untitled",
        "transform" : [
          0.9206945,
          -3.6447009e-06,
          0.39028412,
          0,
          0.01351734,
          0.99940026,
          -0.03187857,
          0,
          -0.3900499,
          0.034625962,
          0.9201424,
          0,
          0.50390446,
          1.6375598,
          0.07022959,
          1
        ]
      },
      {
        "date" : 729931863.034829,
        "title" : "Untitled",
        "transform" : [
          0.9206945,
          -3.6447009e-06,
          0.39028412,
          0,
          0.01351734,
          0.99940026,
          -0.03187857,
          0,
          -0.3900499,
          0.034625962,
          0.9201424,
          0,
          0.38638937,
          1.8268638,
          0.013291001,
          1
        ]
      },
      {
        "date" : 729930421.556266,
        "title" : "Untitled",
        "transform" : [
          0.92069435,
          -3.6447004e-06,
          0.39028406,
          0,
          0.01351734,
          0.99940026,
          -0.03187857,
          0,
          -0.39004984,
          0.03462596,
          0.9201423,
          0,
          0.3902185,
          1.6872128,
          0.020169377,
          1
        ]
      },
      {
        "date" : 729929732.041208,
        "title" : "Untitled",
        "transform" : [
          0.900441,
          -3.6502388e-06,
          0.43497807,
          0,
          0.3331456,
          0.64297676,
          -0.68963385,
          0,
          -0.2796783,
          0.7658856,
          0.5789639,
          0,
          0.51242626,
          2.108465,
          -0.30574474,
          1
        ]
      },
      {
        "date" : 729929721.077852,
        "title" : "Untitled",
        "transform" : [
          0.900441,
          -3.6502388e-06,
          0.43497807,
          0,
          0.3331456,
          0.64297676,
          -0.68963385,
          0,
          -0.2796783,
          0.7658856,
          0.5789639,
          0,
          0.63280004,
          1.7936156,
          -0.4696737,
          1
        ]
      },
      {
        "date" : 729929719.697741,
        "title" : "Untitled",
        "transform" : [
          0.900441,
          -3.6502388e-06,
          0.43497807,
          0,
          0.3331456,
          0.64297676,
          -0.68963385,
          0,
          -0.2796783,
          0.7658856,
          0.5789639,
          0,
          0.5707208,
          2.0182855,
          -0.29326558,
          1
        ]
      },
      {
        "date" : 729929408.915638,
        "title" : "Untitled",
        "transform" : [
          0.900441,
          -3.6502388e-06,
          0.43497807,
          0,
          0.3331456,
          0.64297676,
          -0.68963385,
          0,
          -0.2796783,
          0.7658856,
          0.5789639,
          0,
          0.207928,
          3.3312628,
          0.7376684,
          1
        ]
      },
      {
        "date" : 729928789.047761,
        "title" : "Untitled",
        "transform" : [
          0.900441,
          -3.6502388e-06,
          0.43497807,
          0,
          0.3331456,
          0.64297676,
          -0.68963385,
          0,
          -0.2796783,
          0.7658856,
          0.5789639,
          0,
          0.122130334,
          2.9297602,
          1.2273508,
          1
        ]
      },
      {
        "date" : 729928719.239961,
        "title" : "Untitled",
        "transform" : [
          0.900441,
          -3.6502388e-06,
          0.43497807,
          0,
          0.3331456,
          0.64297676,
          -0.68963385,
          0,
          -0.2796783,
          0.7658856,
          0.5789639,
          0,
          -0.3885635,
          2.395458,
          1.6874563,
          1
        ]
      }
    ],
    "D9CA75AB-A59B-432D-BA1E-FD19A84A43B1" : [
      {
        "date" : 729999263.237037,
        "title" : "Untitled",
        "transform" : [
          0.99999994,
          0,
          0,
          0,
          0,
          0.8660051,
          -0.500035,
          0,
          0,
          0.500035,
          0.8660051,
          0,
          -0.42793265,
          215.01064,
          308.8365,
          1
        ]
      },
      {
        "date" : 729999225.006601,
        "title" : "Untitled",
        "transform" : [
          0.99999994,
          0,
          -0,
          0,
          -0,
          0.8660051,
          -0.500035,
          0,
          0,
          0.500035,
          0.8660051,
          0,
          -0.4279327,
          215.01064,
          308.83652,
          1
        ]
      }
    ],
    "D66134B1-3681-4A8E-AFE5-29F257229F3B" : [
      {
        "date" : 729999360.273088,
        "title" : "Untitled",
        "transform" : [
          0.999988,
          0,
          0.0048980513,
          0,
          0.0024490256,
          0.8660254,
          -0.499994,
          0,
          -0.0042418367,
          0.5,
          0.866015,
          0,
          0.014169825,
          0.56112236,
          1.1066941,
          1
        ]
      },
      {
        "date" : 729999354.738167,
        "title" : "Untitled",
        "transform" : [
          1,
          0,
          -0,
          0,
          -0,
          0.8660254,
          -0.5,
          0,
          0,
          0.5,
          0.8660254,
          0,
          0,
          0.22227226,
          0.3851869,
          1
        ]
      }
    ]
  },
  "selectedSceneRelativePath" : "flying_toasters.usda"
}