{
  "advancedEditorSelectedIdentifier" : "ProjectBrowser",
  "openSceneRelativePaths" : [
    "flying_toasters.usda"
  ],
  "recentIdentifiers" : {
    "4E1A9229-6152-4687-A264-D44215C51618" : [

    ],
    "635BA9E0-2AC4-4ED5-921F-FAE3E5304E8E" : [

    ],
    "E97B8253-420B-4156-8BD6-6EA01E3B4099" : [

    ]
  },
  "sceneCameraHistory" : {
    "4E1A9229-6152-4687-A264-D44215C51618" : [
      {
        "date" : 730876462.524989,
        "title" : "Untitled",
        "transform" : [
          0.99999994,
          0,
          -0,
          0,
          -0,
          0.8660254,
          -0.49999988,
          0,
          0,
          0.49999988,
          0.8660254,
          0,
          0,
          0.22315656,
          0.38651854,
          1
        ]
      }
    ],
    "635BA9E0-2AC4-4ED5-921F-FAE3E5304E8E" : [
      {
        "date" : 732691021.865572,
        "title" : "Untitled",
        "transform" : [
          0.8099736,
          3.1477907e-08,
          -0.5864664,
          0,
          0.19083783,
          0.9455755,
          0.2635679,
          0,
          0.5545482,
          -0.32540315,
          0.7658912,
          0,
          1.6728727,
          -0.16323453,
          1.4450781,
          1
        ]
      },
      {
        "date" : 732690787.378206,
        "title" : "Untitled",
        "transform" : [
          0.99979126,
          3.6737735e-08,
          0.02043053,
          0,
          0.008271049,
          0.9143866,
          -0.40475768,
          0,
          -0.018681437,
          0.40484214,
          0.9141958,
          0,
          0.9772274,
          0.6940447,
          1.5466162,
          1
        ]
      },
      {
        "date" : 732690349.607129,
        "title" : "Untitled",
        "transform" : [
          0.99979126,
          3.6737735e-08,
          0.02043053,
          0,
          0.008271049,
          0.9143866,
          -0.40475768,
          0,
          -0.018681437,
          0.40484214,
          0.9141958,
          0,
          0.9343898,
          0.82144916,
          1.4893209,
          1
        ]
      },
      {
        "date" : 732689881.46508,
        "title" : "Untitled",
        "transform" : [
          0.99979126,
          3.6737735e-08,
          0.02043053,
          0,
          0.008271049,
          0.9143866,
          -0.40475768,
          0,
          -0.018681437,
          0.40484214,
          0.9141958,
          0,
          0.01696524,
          0.76553833,
          1.4953327,
          1
        ]
      },
      {
        "date" : 732429970.123171,
        "title" : "Untitled",
        "transform" : [
          0.99979126,
          3.6737735e-08,
          0.02043053,
          0,
          0.008271049,
          0.9143866,
          -0.40475768,
          0,
          -0.018681437,
          0.40484214,
          0.9141958,
          0,
          0.14938442,
          0.5322112,
          1.3084745,
          1
        ]
      },
      {
        "date" : 732167080.214447,
        "title" : "Untitled",
        "transform" : [
          0.99979126,
          3.6737735e-08,
          0.02043053,
          0,
          0.008271049,
          0.9143866,
          -0.40475768,
          0,
          -0.018681437,
          0.40484214,
          0.9141958,
          0,
          0.06171609,
          0.4956052,
          1.3228934,
          1
        ]
      },
      {
        "date" : 731915025.436964,
        "title" : "Untitled",
        "transform" : [
          -0.6655386,
          4.0457763e-08,
          0.74636346,
          0,
          0.5591455,
          0.66238934,
          0.49859467,
          0,
          -0.4943832,
          0.74915975,
          -0.44084567,
          0,
          -0.34916478,
          0.31617638,
          -0.19246918,
          1
        ]
      },
      {
        "date" : 731914825.571144,
        "title" : "Untitled",
        "transform" : [
          -0.6655386,
          4.0457763e-08,
          0.74636346,
          0,
          0.5591455,
          0.66238934,
          0.49859467,
          0,
          -0.4943832,
          0.74915975,
          -0.44084567,
          0,
          -0.43641835,
          0.29107198,
          -0.13728103,
          1
        ]
      },
      {
        "date" : 731913364.328478,
        "title" : "Untitled",
        "transform" : [
          -0.6655386,
          4.0457763e-08,
          0.74636346,
          0,
          0.5591455,
          0.66238934,
          0.49859467,
          0,
          -0.4943832,
          0.74915975,
          -0.44084567,
          0,
          -0.4844677,
          0.2611861,
          -0.1341838,
          1
        ]
      },
      {
        "date" : 731652609.395017,
        "title" : "Untitled",
        "transform" : [
          -0.6655386,
          4.0457763e-08,
          0.74636346,
          0,
          0.5591455,
          0.66238934,
          0.49859467,
          0,
          -0.4943832,
          0.74915975,
          -0.44084567,
          0,
          -0.4391606,
          0.31453648,
          -0.09433113,
          1
        ]
      }
    ],
    "3278FC14-314A-4F3E-9EB3-30F37B4DD961" : [
      {
        "date" : 730079472.851545,
        "title" : "Untitled",
        "transform" : [
          0.99999994,
          0,
          -0,
          0,
          -0,
          0.8660254,
          -0.49999994,
          0,
          0,
          0.49999994,
          0.8660254,
          0,
          0,
          0.23023058,
          0.3987711,
          1
        ]
      }
    ],
    "AF09ED6F-1707-48FD-8720-65B998362C09" : [
      {
        "date" : 729990316.411623,
        "title" : "Untitled",
        "transform" : [
          0.9206945,
          -3.6447009e-06,
          0.39028412,
          0,
          0.01351734,
          0.99940026,
          -0.03187857,
          0,
          -0.3900499,
          0.034625962,
          0.9201424,
          0,
          0.40474164,
          1.8097949,
          0.0217129,
          1
        ]
      },
      {
        "date" : 729934636.347836,
        "title" : "Untitled",
        "transform" : [
          0.9206945,
          -3.6447009e-06,
          0.39028412,
          0,
          0.01351734,
          0.99940026,
          -0.03187857,
          0,
          -0.3900499,
          0.034625962,
          0.9201424,
          0,
          0.50390446,
          1.6375598,
          0.07022959,
          1
        ]
      },
      {
        "date" : 729931863.034829,
        "title" : "Untitled",
        "transform" : [
          0.9206945,
          -3.6447009e-06,
          0.39028412,
          0,
          0.01351734,
          0.99940026,
          -0.03187857,
          0,
          -0.3900499,
          0.034625962,
          0.9201424,
          0,
          0.38638937,
          1.8268638,
          0.013291001,
          1
        ]
      },
      {
        "date" : 729930421.556266,
        "title" : "Untitled",
        "transform" : [
          0.92069435,
          -3.6447004e-06,
          0.39028406,
          0,
          0.01351734,
          0.99940026,
          -0.03187857,
          0,
          -0.39004984,
          0.03462596,
          0.9201423,
          0,
          0.3902185,
          1.6872128,
          0.020169377,
          1
        ]
      },
      {
        "date" : 729929732.041208,
        "title" : "Untitled",
        "transform" : [
          0.900441,
          -3.6502388e-06,
          0.43497807,
          0,
          0.3331456,
          0.64297676,
          -0.68963385,
          0,
          -0.2796783,
          0.7658856,
          0.5789639,
          0,
          0.51242626,
          2.108465,
          -0.30574474,
          1
        ]
      },
      {
        "date" : 729929721.077852,
        "title" : "Untitled",
        "transform" : [
          0.900441,
          -3.6502388e-06,
          0.43497807,
          0,
          0.3331456,
          0.64297676,
          -0.68963385,
          0,
          -0.2796783,
          0.7658856,
          0.5789639,
          0,
          0.63280004,
          1.7936156,
          -0.4696737,
          1
        ]
      },
      {
        "date" : 729929719.697741,
        "title" : "Untitled",
        "transform" : [
          0.900441,
          -3.6502388e-06,
          0.43497807,
          0,
          0.3331456,
          0.64297676,
          -0.68963385,
          0,
          -0.2796783,
          0.7658856,
          0.5789639,
          0,
          0.5707208,
          2.0182855,
          -0.29326558,
          1
        ]
      },
      {
        "date" : 729929408.915638,
        "title" : "Untitled",
        "transform" : [
          0.900441,
          -3.6502388e-06,
          0.43497807,
          0,
          0.3331456,
          0.64297676,
          -0.68963385,
          0,
          -0.2796783,
          0.7658856,
          0.5789639,
          0,
          0.207928,
          3.3312628,
          0.7376684,
          1
        ]
      },
      {
        "date" : 729928789.047761,
        "title" : "Untitled",
        "transform" : [
          0.900441,
          -3.6502388e-06,
          0.43497807,
          0,
          0.3331456,
          0.64297676,
          -0.68963385,
          0,
          -0.2796783,
          0.7658856,
          0.5789639,
          0,
          0.122130334,
          2.9297602,
          1.2273508,
          1
        ]
      },
      {
        "date" : 729928719.239961,
        "title" : "Untitled",
        "transform" : [
          0.900441,
          -3.6502388e-06,
          0.43497807,
          0,
          0.3331456,
          0.64297676,
          -0.68963385,
          0,
          -0.2796783,
          0.7658856,
          0.5789639,
          0,
          -0.3885635,
          2.395458,
          1.6874563,
          1
        ]
      }
    ],
    "D9CA75AB-A59B-432D-BA1E-FD19A84A43B1" : [
      {
        "date" : 729999263.237037,
        "title" : "Untitled",
        "transform" : [
          0.99999994,
          0,
          0,
          0,
          0,
          0.8660051,
          -0.500035,
          0,
          0,
          0.500035,
          0.8660051,
          0,
          -0.42793265,
          215.01064,
          308.8365,
          1
        ]
      },
      {
        "date" : 729999225.006601,
        "title" : "Untitled",
        "transform" : [
          0.99999994,
          0,
          -0,
          0,
          -0,
          0.8660051,
          -0.500035,
          0,
          0,
          0.500035,
          0.8660051,
          0,
          -0.4279327,
          215.01064,
          308.83652,
          1
        ]
      }
    ],
    "D66134B1-3681-4A8E-AFE5-29F257229F3B" : [
      {
        "date" : 729999360.273088,
        "title" : "Untitled",
        "transform" : [
          0.999988,
          0,
          0.0048980513,
          0,
          0.0024490256,
          0.8660254,
          -0.499994,
          0,
          -0.0042418367,
          0.5,
          0.866015,
          0,
          0.014169825,
          0.56112236,
          1.1066941,
          1
        ]
      },
      {
        "date" : 729999354.738167,
        "title" : "Untitled",
        "transform" : [
          1,
          0,
          -0,
          0,
          -0,
          0.8660254,
          -0.5,
          0,
          0,
          0.5,
          0.8660254,
          0,
          0,
          0.22227226,
          0.3851869,
          1
        ]
      }
    ],
    "DE0B86DA-1C8D-4F4E-92F6-BD76BAD17A23" : [
      {
        "date" : 730616909.347113,
        "title" : "Untitled",
        "transform" : [
          0.99162287,
          1.987484e-09,
          -0.12916678,
          0,
          -0.1290881,
          0.034899607,
          -0.99101883,
          0,
          0.004507864,
          0.99939084,
          0.03460724,
          0,
          0.17855717,
          0.5273971,
          0.12793575,
          1
        ]
      },
      {
        "date" : 730616890.128769,
        "title" : "Untitled",
        "transform" : [
          0.994936,
          1.9874842e-09,
          -0.10051057,
          0,
          -0.10044934,
          0.034899667,
          -0.9943299,
          0,
          0.0035077797,
          0.99939084,
          0.034722924,
          0,
          2.689424,
          7.8083916,
          3.3805006,
          1
        ]
      },
      {
        "date" : 730616882.780271,
        "title" : "Untitled",
        "transform" : [
          0.994936,
          -5.319265e-10,
          -0.10051057,
          0,
          -0.10044933,
          0.03489954,
          -0.99432987,
          0,
          0.0035077725,
          0.9993908,
          0.034722816,
          0,
          0.07140661,
          0.92966855,
          0.08572594,
          1
        ]
      },
      {
        "date" : 730616876.645368,
        "title" : "Untitled",
        "transform" : [
          1,
          0,
          -0,
          0,
          -0,
          0.89379805,
          -0.44846967,
          0,
          0,
          0.44846967,
          0.89379805,
          0,
          0.07350648,
          0.48798355,
          0.8719608,
          1
        ]
      }
    ],
    "E97B8253-420B-4156-8BD6-6EA01E3B4099" : [
      {
        "date" : 730107494.059247,
        "title" : "Untitled",
        "transform" : [
          1,
          0,
          0,
          0,
          0,
          0.8660254,
          -0.5,
          0,
          0,
          0.5,
          0.8660254,
          0,
          44.08413,
          0.6715183,
          85.788574,
          1
        ]
      },
      {
        "date" : 730107488.392163,
        "title" : "Untitled",
        "transform" : [
          1,
          0,
          -0,
          0,
          -0,
          0.8660254,
          -0.5,
          0,
          0,
          0.5,
          0.8660254,
          0,
          44.11331,
          0.13478851,
          84.70334,
          1
        ]
      },
      {
        "date" : 730107476.850436,
        "title" : "Untitled",
        "transform" : [
          1,
          0,
          0,
          0,
          0,
          0.8660254,
          -0.5,
          0,
          0,
          0.5,
          0.8660254,
          0,
          19.22432,
          60.988052,
          138.17851,
          1
        ]
      },
      {
        "date" : 730107475.091596,
        "title" : "Untitled",
        "transform" : [
          1,
          0,
          0,
          0,
          0,
          0.8660254,
          -0.5,
          0,
          0,
          0.5,
          0.8660254,
          0,
          19.226028,
          60.98386,
          138.17482,
          1
        ]
      },
      {
        "date" : 730107471.158159,
        "title" : "Untitled",
        "transform" : [
          1,
          0,
          0,
          0,
          0,
          0.8660254,
          -0.5,
          0,
          0,
          0.5,
          0.8660254,
          0,
          32.775078,
          27.79301,
          108.924286,
          1
        ]
      },
      {
        "date" : 730107469.507667,
        "title" : "Untitled",
        "transform" : [
          1,
          0,
          0,
          0,
          0,
          0.8660254,
          -0.5,
          0,
          0,
          0.5,
          0.8660254,
          0,
          22.551983,
          52.83635,
          130.99457,
          1
        ]
      },
      {
        "date" : 730107408.023752,
        "title" : "Untitled",
        "transform" : [
          1,
          0,
          0,
          0,
          0,
          0.8660254,
          -0.5,
          0,
          0,
          0.5,
          0.8660254,
          0,
          -0.20624506,
          69.69468,
          121.26142,
          1
        ]
      },
      {
        "date" : 730107405.051888,
        "title" : "Untitled",
        "transform" : [
          1,
          0,
          0,
          0,
          0,
          0.8660254,
          -0.5,
          0,
          0,
          0.5,
          0.8660254,
          0,
          -0.20624456,
          1.4191266,
          3.0046031,
          1
        ]
      },
      {
        "date" : 730107388.315691,
        "title" : "Untitled",
        "transform" : [
          1,
          0,
          -0,
          0,
          -0,
          0.8660254,
          -0.5,
          0,
          0,
          0.5,
          0.8660254,
          0,
          0,
          0.22189257,
          0.38432923,
          1
        ]
      }
    ]
  },
  "selectedSceneRelativePath" : "flying_toasters.usda"
}