{
  "advancedEditorSelectedIdentifier" : "ProjectBrowser",
  "openSceneRelativePaths" : [
    "flying_toasters.usda"
  ],
  "recentIdentifiers" : {
    "635BA9E0-2AC4-4ED5-921F-FAE3E5304E8E" : [

    ],
    "E97B8253-420B-4156-8BD6-6EA01E3B4099" : [

    ]
  },
  "sceneCameraHistory" : {
    "635BA9E0-2AC4-4ED5-921F-FAE3E5304E8E" : [
      {
        "date" : 730618451.156205,
        "title" : "Untitled",
        "transform" : [
          0.93159294,
          -4.0852232e-08,
          0.3635033,
          0,
          0.00822258,
          0.9997441,
          -0.021072835,
          0,
          -0.36341038,
          0.022620203,
          0.9313546,
          0,
          -2.1193871,
          0.107766934,
          0.6621187,
          1
        ]
      },
      {
        "date" : 730618445.506243,
        "title" : "Untitled",
        "transform" : [
          0.99016523,
          -3.7065824e-08,
          0.13990241,
          0,
          0.03728027,
          0.96384233,
          -0.26385233,
          0,
          -0.13484389,
          0.26647303,
          0.95436335,
          0,
          -1.030453,
          1.269528,
          0.771736,
          1
        ]
      },
      {
        "date" : 730618439.839522,
        "title" : "Untitled",
        "transform" : [
          0.99016523,
          -3.7065824e-08,
          0.13990241,
          0,
          0.03728027,
          0.96384233,
          -0.26385233,
          0,
          -0.13484389,
          0.26647303,
          0.95436335,
          0,
          -0.72098446,
          1.8929646,
          0.64138865,
          1
        ]
      },
      {
        "date" : 730618436.338795,
        "title" : "Untitled",
        "transform" : [
          0.97568625,
          -4.732909e-08,
          0.2191721,
          0,
          0.21898025,
          0.041830458,
          -0.9748322,
          0,
          -0.009168024,
          0.99912477,
          0.040813416,
          0,
          -0.6501507,
          1.9297802,
          0.14822865,
          1
        ]
      },
      {
        "date" : 730618340.825749,
        "title" : "Untitled",
        "transform" : [
          0.97568625,
          -5.7580188e-08,
          0.2191721,
          0,
          0.21898024,
          0.041830458,
          -0.9748322,
          0,
          -0.009168017,
          0.99912477,
          0.040813416,
          0,
          -1.2305816,
          0.18658192,
          1.1065962,
          1
        ]
      },
      {
        "date" : 730616840.929466,
        "title" : "Untitled",
        "transform" : [
          0.97568625,
          -5.7580188e-08,
          0.2191721,
          0,
          0.21898024,
          0.041830458,
          -0.9748322,
          0,
          -0.009168017,
          0.99912477,
          0.040813416,
          0,
          -1.2428977,
          0.18499629,
          1.1426463,
          1
        ]
      },
      {
        "date" : 730616837.978446,
        "title" : "Untitled",
        "transform" : [
          0.97568625,
          -7.808238e-08,
          0.21917208,
          0,
          0.21898022,
          0.041830458,
          -0.9748322,
          0,
          -0.009167994,
          0.99912477,
          0.04081342,
          0,
          -1.2428979,
          0.18499628,
          1.1426463,
          1
        ]
      },
      {
        "date" : 730616828.678094,
        "title" : "Untitled",
        "transform" : [
          0.97568625,
          -6.85959e-08,
          0.21917209,
          0,
          0.21898022,
          0.041830316,
          -0.9748322,
          0,
          -0.009167968,
          0.99912477,
          0.04081328,
          0,
          -1.2400678,
          0.006271988,
          1.1338435,
          1
        ]
      },
      {
        "date" : 730616825.89642,
        "title" : "Untitled",
        "transform" : [
          0.97568625,
          -7.8847e-08,
          0.21917208,
          0,
          0.21898022,
          0.041830257,
          -0.9748322,
          0,
          -0.009167953,
          0.99912477,
          0.04081328,
          0,
          -1.2416254,
          0.18499628,
          1.1420356,
          1
        ]
      },
      {
        "date" : 730616505.794164,
        "title" : "Untitled",
        "transform" : [
          0.97568625,
          -8.90981e-08,
          0.21917208,
          0,
          0.21898021,
          0.041830257,
          -0.9748322,
          0,
          -0.009167946,
          0.99912477,
          0.04081328,
          0,
          -1.2400677,
          0.006271993,
          1.1338435,
          1
        ]
      }
    ],
    "3278FC14-314A-4F3E-9EB3-30F37B4DD961" : [
      {
        "date" : 730079472.851545,
        "title" : "Untitled",
        "transform" : [
          0.99999994,
          0,
          -0,
          0,
          -0,
          0.8660254,
          -0.49999994,
          0,
          0,
          0.49999994,
          0.8660254,
          0,
          0,
          0.23023058,
          0.3987711,
          1
        ]
      }
    ],
    "AF09ED6F-1707-48FD-8720-65B998362C09" : [
      {
        "date" : 729990316.411623,
        "title" : "Untitled",
        "transform" : [
          0.9206945,
          -3.6447009e-06,
          0.39028412,
          0,
          0.01351734,
          0.99940026,
          -0.03187857,
          0,
          -0.3900499,
          0.034625962,
          0.9201424,
          0,
          0.40474164,
          1.8097949,
          0.0217129,
          1
        ]
      },
      {
        "date" : 729934636.347836,
        "title" : "Untitled",
        "transform" : [
          0.9206945,
          -3.6447009e-06,
          0.39028412,
          0,
          0.01351734,
          0.99940026,
          -0.03187857,
          0,
          -0.3900499,
          0.034625962,
          0.9201424,
          0,
          0.50390446,
          1.6375598,
          0.07022959,
          1
        ]
      },
      {
        "date" : 729931863.034829,
        "title" : "Untitled",
        "transform" : [
          0.9206945,
          -3.6447009e-06,
          0.39028412,
          0,
          0.01351734,
          0.99940026,
          -0.03187857,
          0,
          -0.3900499,
          0.034625962,
          0.9201424,
          0,
          0.38638937,
          1.8268638,
          0.013291001,
          1
        ]
      },
      {
        "date" : 729930421.556266,
        "title" : "Untitled",
        "transform" : [
          0.92069435,
          -3.6447004e-06,
          0.39028406,
          0,
          0.01351734,
          0.99940026,
          -0.03187857,
          0,
          -0.39004984,
          0.03462596,
          0.9201423,
          0,
          0.3902185,
          1.6872128,
          0.020169377,
          1
        ]
      },
      {
        "date" : 729929732.041208,
        "title" : "Untitled",
        "transform" : [
          0.900441,
          -3.6502388e-06,
          0.43497807,
          0,
          0.3331456,
          0.64297676,
          -0.68963385,
          0,
          -0.2796783,
          0.7658856,
          0.5789639,
          0,
          0.51242626,
          2.108465,
          -0.30574474,
          1
        ]
      },
      {
        "date" : 729929721.077852,
        "title" : "Untitled",
        "transform" : [
          0.900441,
          -3.6502388e-06,
          0.43497807,
          0,
          0.3331456,
          0.64297676,
          -0.68963385,
          0,
          -0.2796783,
          0.7658856,
          0.5789639,
          0,
          0.63280004,
          1.7936156,
          -0.4696737,
          1
        ]
      },
      {
        "date" : 729929719.697741,
        "title" : "Untitled",
        "transform" : [
          0.900441,
          -3.6502388e-06,
          0.43497807,
          0,
          0.3331456,
          0.64297676,
          -0.68963385,
          0,
          -0.2796783,
          0.7658856,
          0.5789639,
          0,
          0.5707208,
          2.0182855,
          -0.29326558,
          1
        ]
      },
      {
        "date" : 729929408.915638,
        "title" : "Untitled",
        "transform" : [
          0.900441,
          -3.6502388e-06,
          0.43497807,
          0,
          0.3331456,
          0.64297676,
          -0.68963385,
          0,
          -0.2796783,
          0.7658856,
          0.5789639,
          0,
          0.207928,
          3.3312628,
          0.7376684,
          1
        ]
      },
      {
        "date" : 729928789.047761,
        "title" : "Untitled",
        "transform" : [
          0.900441,
          -3.6502388e-06,
          0.43497807,
          0,
          0.3331456,
          0.64297676,
          -0.68963385,
          0,
          -0.2796783,
          0.7658856,
          0.5789639,
          0,
          0.122130334,
          2.9297602,
          1.2273508,
          1
        ]
      },
      {
        "date" : 729928719.239961,
        "title" : "Untitled",
        "transform" : [
          0.900441,
          -3.6502388e-06,
          0.43497807,
          0,
          0.3331456,
          0.64297676,
          -0.68963385,
          0,
          -0.2796783,
          0.7658856,
          0.5789639,
          0,
          -0.3885635,
          2.395458,
          1.6874563,
          1
        ]
      }
    ],
    "D9CA75AB-A59B-432D-BA1E-FD19A84A43B1" : [
      {
        "date" : 729999263.237037,
        "title" : "Untitled",
        "transform" : [
          0.99999994,
          0,
          0,
          0,
          0,
          0.8660051,
          -0.500035,
          0,
          0,
          0.500035,
          0.8660051,
          0,
          -0.42793265,
          215.01064,
          308.8365,
          1
        ]
      },
      {
        "date" : 729999225.006601,
        "title" : "Untitled",
        "transform" : [
          0.99999994,
          0,
          -0,
          0,
          -0,
          0.8660051,
          -0.500035,
          0,
          0,
          0.500035,
          0.8660051,
          0,
          -0.4279327,
          215.01064,
          308.83652,
          1
        ]
      }
    ],
    "D66134B1-3681-4A8E-AFE5-29F257229F3B" : [
      {
        "date" : 729999360.273088,
        "title" : "Untitled",
        "transform" : [
          0.999988,
          0,
          0.0048980513,
          0,
          0.0024490256,
          0.8660254,
          -0.499994,
          0,
          -0.0042418367,
          0.5,
          0.866015,
          0,
          0.014169825,
          0.56112236,
          1.1066941,
          1
        ]
      },
      {
        "date" : 729999354.738167,
        "title" : "Untitled",
        "transform" : [
          1,
          0,
          -0,
          0,
          -0,
          0.8660254,
          -0.5,
          0,
          0,
          0.5,
          0.8660254,
          0,
          0,
          0.22227226,
          0.3851869,
          1
        ]
      }
    ],
    "DE0B86DA-1C8D-4F4E-92F6-BD76BAD17A23" : [
      {
        "date" : 730616909.347113,
        "title" : "Untitled",
        "transform" : [
          0.99162287,
          1.987484e-09,
          -0.12916678,
          0,
          -0.1290881,
          0.034899607,
          -0.99101883,
          0,
          0.004507864,
          0.99939084,
          0.03460724,
          0,
          0.17855717,
          0.5273971,
          0.12793575,
          1
        ]
      },
      {
        "date" : 730616890.128769,
        "title" : "Untitled",
        "transform" : [
          0.994936,
          1.9874842e-09,
          -0.10051057,
          0,
          -0.10044934,
          0.034899667,
          -0.9943299,
          0,
          0.0035077797,
          0.99939084,
          0.034722924,
          0,
          2.689424,
          7.8083916,
          3.3805006,
          1
        ]
      },
      {
        "date" : 730616882.780271,
        "title" : "Untitled",
        "transform" : [
          0.994936,
          -5.319265e-10,
          -0.10051057,
          0,
          -0.10044933,
          0.03489954,
          -0.99432987,
          0,
          0.0035077725,
          0.9993908,
          0.034722816,
          0,
          0.07140661,
          0.92966855,
          0.08572594,
          1
        ]
      },
      {
        "date" : 730616876.645368,
        "title" : "Untitled",
        "transform" : [
          1,
          0,
          -0,
          0,
          -0,
          0.89379805,
          -0.44846967,
          0,
          0,
          0.44846967,
          0.89379805,
          0,
          0.07350648,
          0.48798355,
          0.8719608,
          1
        ]
      }
    ],
    "E97B8253-420B-4156-8BD6-6EA01E3B4099" : [
      {
        "date" : 730107494.059247,
        "title" : "Untitled",
        "transform" : [
          1,
          0,
          0,
          0,
          0,
          0.8660254,
          -0.5,
          0,
          0,
          0.5,
          0.8660254,
          0,
          44.08413,
          0.6715183,
          85.788574,
          1
        ]
      },
      {
        "date" : 730107488.392163,
        "title" : "Untitled",
        "transform" : [
          1,
          0,
          -0,
          0,
          -0,
          0.8660254,
          -0.5,
          0,
          0,
          0.5,
          0.8660254,
          0,
          44.11331,
          0.13478851,
          84.70334,
          1
        ]
      },
      {
        "date" : 730107476.850436,
        "title" : "Untitled",
        "transform" : [
          1,
          0,
          0,
          0,
          0,
          0.8660254,
          -0.5,
          0,
          0,
          0.5,
          0.8660254,
          0,
          19.22432,
          60.988052,
          138.17851,
          1
        ]
      },
      {
        "date" : 730107475.091596,
        "title" : "Untitled",
        "transform" : [
          1,
          0,
          0,
          0,
          0,
          0.8660254,
          -0.5,
          0,
          0,
          0.5,
          0.8660254,
          0,
          19.226028,
          60.98386,
          138.17482,
          1
        ]
      },
      {
        "date" : 730107471.158159,
        "title" : "Untitled",
        "transform" : [
          1,
          0,
          0,
          0,
          0,
          0.8660254,
          -0.5,
          0,
          0,
          0.5,
          0.8660254,
          0,
          32.775078,
          27.79301,
          108.924286,
          1
        ]
      },
      {
        "date" : 730107469.507667,
        "title" : "Untitled",
        "transform" : [
          1,
          0,
          0,
          0,
          0,
          0.8660254,
          -0.5,
          0,
          0,
          0.5,
          0.8660254,
          0,
          22.551983,
          52.83635,
          130.99457,
          1
        ]
      },
      {
        "date" : 730107408.023752,
        "title" : "Untitled",
        "transform" : [
          1,
          0,
          0,
          0,
          0,
          0.8660254,
          -0.5,
          0,
          0,
          0.5,
          0.8660254,
          0,
          -0.20624506,
          69.69468,
          121.26142,
          1
        ]
      },
      {
        "date" : 730107405.051888,
        "title" : "Untitled",
        "transform" : [
          1,
          0,
          0,
          0,
          0,
          0.8660254,
          -0.5,
          0,
          0,
          0.5,
          0.8660254,
          0,
          -0.20624456,
          1.4191266,
          3.0046031,
          1
        ]
      },
      {
        "date" : 730107388.315691,
        "title" : "Untitled",
        "transform" : [
          1,
          0,
          -0,
          0,
          -0,
          0.8660254,
          -0.5,
          0,
          0,
          0.5,
          0.8660254,
          0,
          0,
          0.22189257,
          0.38432923,
          1
        ]
      }
    ]
  },
  "selectedSceneRelativePath" : "flying_toasters.usda"
}