{
  "advancedEditorSelectedIdentifier" : "ShaderGraphEditorPluginID",
  "openSceneRelativePaths" : [
    "flying_toasters.usda"
  ],
  "recentIdentifiers" : {
    "635BA9E0-2AC4-4ED5-921F-FAE3E5304E8E" : [

    ]
  },
  "sceneCameraHistory" : {
    "635BA9E0-2AC4-4ED5-921F-FAE3E5304E8E" : [
      {
        "date" : 730080106.64404,
        "title" : "Untitled",
        "transform" : [
          0.9798706,
          3.711842e-09,
          0.19963375,
          0,
          0.1069334,
          0.8444413,
          -0.5248657,
          0,
          -0.16857897,
          0.53564805,
          0.82744324,
          0,
          0.53027683,
          1.0060782,
          1.4235053,
          1
        ]
      },
      {
        "date" : 730080098.627431,
        "title" : "Untitled",
        "transform" : [
          0.9798706,
          3.711842e-09,
          0.19963375,
          0,
          0.1069334,
          0.8444413,
          -0.5248657,
          0,
          -0.16857897,
          0.53564805,
          0.82744324,
          0,
          -0.03400766,
          0.9546334,
          1.3418438,
          1
        ]
      },
      {
        "date" : 730080087.678307,
        "title" : "Untitled",
        "transform" : [
          0.9999281,
          2.3096756e-09,
          0.011993131,
          0,
          0.008480421,
          0.7071067,
          -0.7070559,
          0,
          -0.008480424,
          0.7071068,
          0.7070558,
          0,
          0.22156928,
          1.2201748,
          1.0840235,
          1
        ]
      },
      {
        "date" : 730080071.925712,
        "title" : "Untitled",
        "transform" : [
          0.9999281,
          2.3096756e-09,
          0.011993131,
          0,
          0.008480421,
          0.7071067,
          -0.7070559,
          0,
          -0.008480424,
          0.7071068,
          0.7070558,
          0,
          -0.042131975,
          1.2955593,
          1.0054704,
          1
        ]
      },
      {
        "date" : 730080068.778717,
        "title" : "Untitled",
        "transform" : [
          0.9999281,
          1.7061509e-09,
          0.011993128,
          0,
          0.00848042,
          0.7071067,
          -0.7070559,
          0,
          -0.008480421,
          0.7071068,
          0.7070558,
          0,
          -0.04213202,
          1.2955593,
          1.0054704,
          1
        ]
      },
      {
        "date" : 730080056.773758,
        "title" : "Untitled",
        "transform" : [
          0.9999281,
          1.4590215e-09,
          0.011993126,
          0,
          0.008480419,
          0.7071067,
          -0.7070559,
          0,
          -0.008480419,
          0.7071068,
          0.7070558,
          0,
          0.69895947,
          1.3470538,
          1.1251013,
          1
        ]
      },
      {
        "date" : 730080054.509015,
        "title" : "Untitled",
        "transform" : [
          0.9999281,
          1.4590215e-09,
          0.011993126,
          0,
          0.008480419,
          0.7071067,
          -0.7070559,
          0,
          -0.008480419,
          0.7071068,
          0.7070558,
          0,
          0.6961575,
          1.580671,
          1.3587015,
          1
        ]
      },
      {
        "date" : 730079925.943832,
        "title" : "Untitled",
        "transform" : [
          0.9999281,
          1.4590215e-09,
          0.011993126,
          0,
          0.008480419,
          0.7071067,
          -0.7070559,
          0,
          -0.008480419,
          0.7071068,
          0.7070558,
          0,
          0.6999323,
          1.2659392,
          1.0439924,
          1
        ]
      },
      {
        "date" : 730079895.193882,
        "title" : "Untitled",
        "transform" : [
          0.9999281,
          1.4590215e-09,
          0.011993126,
          0,
          0.008480419,
          0.7071067,
          -0.7070559,
          0,
          -0.008480419,
          0.7071068,
          0.7070558,
          0,
          -0.04213196,
          1.2955592,
          1.0054703,
          1
        ]
      },
      {
        "date" : 730079868.84699,
        "title" : "Untitled",
        "transform" : [
          0.9999281,
          1.211892e-09,
          0.011993124,
          0,
          0.008480418,
          0.7071067,
          -0.7070559,
          0,
          -0.008480418,
          0.7071068,
          0.7070558,
          0,
          -0.028184354,
          2.0560377,
          1.6718613,
          1
        ]
      }
    ],
    "3278FC14-314A-4F3E-9EB3-30F37B4DD961" : [
      {
        "date" : 730079472.851545,
        "title" : "Untitled",
        "transform" : [
          0.99999994,
          0,
          -0,
          0,
          -0,
          0.8660254,
          -0.49999994,
          0,
          0,
          0.49999994,
          0.8660254,
          0,
          0,
          0.23023058,
          0.3987711,
          1
        ]
      }
    ],
    "AF09ED6F-1707-48FD-8720-65B998362C09" : [
      {
        "date" : 729990316.411623,
        "title" : "Untitled",
        "transform" : [
          0.9206945,
          -3.6447009e-06,
          0.39028412,
          0,
          0.01351734,
          0.99940026,
          -0.03187857,
          0,
          -0.3900499,
          0.034625962,
          0.9201424,
          0,
          0.40474164,
          1.8097949,
          0.0217129,
          1
        ]
      },
      {
        "date" : 729934636.347836,
        "title" : "Untitled",
        "transform" : [
          0.9206945,
          -3.6447009e-06,
          0.39028412,
          0,
          0.01351734,
          0.99940026,
          -0.03187857,
          0,
          -0.3900499,
          0.034625962,
          0.9201424,
          0,
          0.50390446,
          1.6375598,
          0.07022959,
          1
        ]
      },
      {
        "date" : 729931863.034829,
        "title" : "Untitled",
        "transform" : [
          0.9206945,
          -3.6447009e-06,
          0.39028412,
          0,
          0.01351734,
          0.99940026,
          -0.03187857,
          0,
          -0.3900499,
          0.034625962,
          0.9201424,
          0,
          0.38638937,
          1.8268638,
          0.013291001,
          1
        ]
      },
      {
        "date" : 729930421.556266,
        "title" : "Untitled",
        "transform" : [
          0.92069435,
          -3.6447004e-06,
          0.39028406,
          0,
          0.01351734,
          0.99940026,
          -0.03187857,
          0,
          -0.39004984,
          0.03462596,
          0.9201423,
          0,
          0.3902185,
          1.6872128,
          0.020169377,
          1
        ]
      },
      {
        "date" : 729929732.041208,
        "title" : "Untitled",
        "transform" : [
          0.900441,
          -3.6502388e-06,
          0.43497807,
          0,
          0.3331456,
          0.64297676,
          -0.68963385,
          0,
          -0.2796783,
          0.7658856,
          0.5789639,
          0,
          0.51242626,
          2.108465,
          -0.30574474,
          1
        ]
      },
      {
        "date" : 729929721.077852,
        "title" : "Untitled",
        "transform" : [
          0.900441,
          -3.6502388e-06,
          0.43497807,
          0,
          0.3331456,
          0.64297676,
          -0.68963385,
          0,
          -0.2796783,
          0.7658856,
          0.5789639,
          0,
          0.63280004,
          1.7936156,
          -0.4696737,
          1
        ]
      },
      {
        "date" : 729929719.697741,
        "title" : "Untitled",
        "transform" : [
          0.900441,
          -3.6502388e-06,
          0.43497807,
          0,
          0.3331456,
          0.64297676,
          -0.68963385,
          0,
          -0.2796783,
          0.7658856,
          0.5789639,
          0,
          0.5707208,
          2.0182855,
          -0.29326558,
          1
        ]
      },
      {
        "date" : 729929408.915638,
        "title" : "Untitled",
        "transform" : [
          0.900441,
          -3.6502388e-06,
          0.43497807,
          0,
          0.3331456,
          0.64297676,
          -0.68963385,
          0,
          -0.2796783,
          0.7658856,
          0.5789639,
          0,
          0.207928,
          3.3312628,
          0.7376684,
          1
        ]
      },
      {
        "date" : 729928789.047761,
        "title" : "Untitled",
        "transform" : [
          0.900441,
          -3.6502388e-06,
          0.43497807,
          0,
          0.3331456,
          0.64297676,
          -0.68963385,
          0,
          -0.2796783,
          0.7658856,
          0.5789639,
          0,
          0.122130334,
          2.9297602,
          1.2273508,
          1
        ]
      },
      {
        "date" : 729928719.239961,
        "title" : "Untitled",
        "transform" : [
          0.900441,
          -3.6502388e-06,
          0.43497807,
          0,
          0.3331456,
          0.64297676,
          -0.68963385,
          0,
          -0.2796783,
          0.7658856,
          0.5789639,
          0,
          -0.3885635,
          2.395458,
          1.6874563,
          1
        ]
      }
    ],
    "D9CA75AB-A59B-432D-BA1E-FD19A84A43B1" : [
      {
        "date" : 729999263.237037,
        "title" : "Untitled",
        "transform" : [
          0.99999994,
          0,
          0,
          0,
          0,
          0.8660051,
          -0.500035,
          0,
          0,
          0.500035,
          0.8660051,
          0,
          -0.42793265,
          215.01064,
          308.8365,
          1
        ]
      },
      {
        "date" : 729999225.006601,
        "title" : "Untitled",
        "transform" : [
          0.99999994,
          0,
          -0,
          0,
          -0,
          0.8660051,
          -0.500035,
          0,
          0,
          0.500035,
          0.8660051,
          0,
          -0.4279327,
          215.01064,
          308.83652,
          1
        ]
      }
    ],
    "D66134B1-3681-4A8E-AFE5-29F257229F3B" : [
      {
        "date" : 729999360.273088,
        "title" : "Untitled",
        "transform" : [
          0.999988,
          0,
          0.0048980513,
          0,
          0.0024490256,
          0.8660254,
          -0.499994,
          0,
          -0.0042418367,
          0.5,
          0.866015,
          0,
          0.014169825,
          0.56112236,
          1.1066941,
          1
        ]
      },
      {
        "date" : 729999354.738167,
        "title" : "Untitled",
        "transform" : [
          1,
          0,
          -0,
          0,
          -0,
          0.8660254,
          -0.5,
          0,
          0,
          0.5,
          0.8660254,
          0,
          0,
          0.22227226,
          0.3851869,
          1
        ]
      }
    ]
  },
  "selectedSceneRelativePath" : "flying_toasters.usda"
}