{
  "advancedEditorSelectedIdentifier" : "ShaderGraphEditorPluginID",
  "openSceneRelativePaths" : [
    "flying_toasters.usda"
  ],
  "recentIdentifiers" : {
    "635BA9E0-2AC4-4ED5-921F-FAE3E5304E8E" : [

    ]
  },
  "sceneCameraHistory" : {
    "635BA9E0-2AC4-4ED5-921F-FAE3E5304E8E" : [
      {
        "date" : 730102454.80813,
        "title" : "Untitled",
        "transform" : [
          0.9999985,
          0,
          0.001739501,
          0,
          0.001230013,
          0.7071069,
          -0.7071057,
          0,
          -0.0012300132,
          0.70710677,
          0.7071058,
          0,
          -0.32029432,
          1.249578,
          0.9642635,
          1
        ]
      },
      {
        "date" : 730102377.318775,
        "title" : "Untitled",
        "transform" : [
          0.9999985,
          0,
          0.001739501,
          0,
          0.001230013,
          0.7071069,
          -0.7071057,
          0,
          -0.0012300132,
          0.70710677,
          0.7071058,
          0,
          -0.44271478,
          1.1474229,
          1.0662053,
          1
        ]
      },
      {
        "date" : 730102374.852114,
        "title" : "Untitled",
        "transform" : [
          0.9999985,
          0,
          0.001739501,
          0,
          0.001230013,
          0.7071069,
          -0.7071057,
          0,
          -0.0012300132,
          0.70710677,
          0.7071058,
          0,
          0.009210229,
          1.1474229,
          1.0669912,
          1
        ]
      },
      {
        "date" : 730102326.351262,
        "title" : "Untitled",
        "transform" : [
          0.9999985,
          0,
          0.001739501,
          0,
          0.001230013,
          0.7071069,
          -0.7071057,
          0,
          -0.0012300132,
          0.70710677,
          0.7071058,
          0,
          -0.63557863,
          1.0085977,
          1.204695,
          1
        ]
      },
      {
        "date" : 730102323.012837,
        "title" : "Untitled",
        "transform" : [
          0.9999985,
          0,
          0.001739501,
          0,
          0.001230013,
          0.7071069,
          -0.7071057,
          0,
          -0.0012300132,
          0.70710677,
          0.7071058,
          0,
          -0.3759764,
          1.1814756,
          1.0322686,
          1
        ]
      },
      {
        "date" : 730102208.048312,
        "title" : "Untitled",
        "transform" : [
          0.9999985,
          0,
          0.001739501,
          0,
          0.001230013,
          0.7071069,
          -0.7071057,
          0,
          -0.0012300132,
          0.70710677,
          0.7071058,
          0,
          -0.036115844,
          1.0566593,
          1.1576765,
          1
        ]
      },
      {
        "date" : 730091249.720342,
        "title" : "Untitled",
        "transform" : [
          0.9999985,
          0,
          0.001739501,
          0,
          0.001230013,
          0.7071069,
          -0.7071057,
          0,
          -0.0012300132,
          0.70710677,
          0.7071058,
          0,
          -0.035324167,
          0.6015433,
          0.7025609,
          1
        ]
      },
      {
        "date" : 730091236.177225,
        "title" : "Untitled",
        "transform" : [
          1,
          0,
          0,
          0,
          0,
          0.7071069,
          -0.70710677,
          0,
          0,
          0.70710677,
          0.7071069,
          0,
          -0.11368373,
          2.0053272,
          2.3422847,
          1
        ]
      },
      {
        "date" : 730091232.026192,
        "title" : "Untitled",
        "transform" : [
          1,
          0,
          0,
          0,
          0,
          0.7071069,
          -0.70710677,
          0,
          0,
          0.70710677,
          0.7071069,
          0,
          -2.2286343e-07,
          3.4027805,
          3.435118,
          1
        ]
      },
      {
        "date" : 730091230.145257,
        "title" : "Untitled",
        "transform" : [
          1,
          0,
          0,
          0,
          0,
          0.7071069,
          -0.70710677,
          0,
          0,
          0.70710677,
          0.7071069,
          0,
          -1.1920929e-07,
          1.8201418,
          1.8374391,
          1
        ]
      }
    ],
    "3278FC14-314A-4F3E-9EB3-30F37B4DD961" : [
      {
        "date" : 730079472.851545,
        "title" : "Untitled",
        "transform" : [
          0.99999994,
          0,
          -0,
          0,
          -0,
          0.8660254,
          -0.49999994,
          0,
          0,
          0.49999994,
          0.8660254,
          0,
          0,
          0.23023058,
          0.3987711,
          1
        ]
      }
    ],
    "AF09ED6F-1707-48FD-8720-65B998362C09" : [
      {
        "date" : 729990316.411623,
        "title" : "Untitled",
        "transform" : [
          0.9206945,
          -3.6447009e-06,
          0.39028412,
          0,
          0.01351734,
          0.99940026,
          -0.03187857,
          0,
          -0.3900499,
          0.034625962,
          0.9201424,
          0,
          0.40474164,
          1.8097949,
          0.0217129,
          1
        ]
      },
      {
        "date" : 729934636.347836,
        "title" : "Untitled",
        "transform" : [
          0.9206945,
          -3.6447009e-06,
          0.39028412,
          0,
          0.01351734,
          0.99940026,
          -0.03187857,
          0,
          -0.3900499,
          0.034625962,
          0.9201424,
          0,
          0.50390446,
          1.6375598,
          0.07022959,
          1
        ]
      },
      {
        "date" : 729931863.034829,
        "title" : "Untitled",
        "transform" : [
          0.9206945,
          -3.6447009e-06,
          0.39028412,
          0,
          0.01351734,
          0.99940026,
          -0.03187857,
          0,
          -0.3900499,
          0.034625962,
          0.9201424,
          0,
          0.38638937,
          1.8268638,
          0.013291001,
          1
        ]
      },
      {
        "date" : 729930421.556266,
        "title" : "Untitled",
        "transform" : [
          0.92069435,
          -3.6447004e-06,
          0.39028406,
          0,
          0.01351734,
          0.99940026,
          -0.03187857,
          0,
          -0.39004984,
          0.03462596,
          0.9201423,
          0,
          0.3902185,
          1.6872128,
          0.020169377,
          1
        ]
      },
      {
        "date" : 729929732.041208,
        "title" : "Untitled",
        "transform" : [
          0.900441,
          -3.6502388e-06,
          0.43497807,
          0,
          0.3331456,
          0.64297676,
          -0.68963385,
          0,
          -0.2796783,
          0.7658856,
          0.5789639,
          0,
          0.51242626,
          2.108465,
          -0.30574474,
          1
        ]
      },
      {
        "date" : 729929721.077852,
        "title" : "Untitled",
        "transform" : [
          0.900441,
          -3.6502388e-06,
          0.43497807,
          0,
          0.3331456,
          0.64297676,
          -0.68963385,
          0,
          -0.2796783,
          0.7658856,
          0.5789639,
          0,
          0.63280004,
          1.7936156,
          -0.4696737,
          1
        ]
      },
      {
        "date" : 729929719.697741,
        "title" : "Untitled",
        "transform" : [
          0.900441,
          -3.6502388e-06,
          0.43497807,
          0,
          0.3331456,
          0.64297676,
          -0.68963385,
          0,
          -0.2796783,
          0.7658856,
          0.5789639,
          0,
          0.5707208,
          2.0182855,
          -0.29326558,
          1
        ]
      },
      {
        "date" : 729929408.915638,
        "title" : "Untitled",
        "transform" : [
          0.900441,
          -3.6502388e-06,
          0.43497807,
          0,
          0.3331456,
          0.64297676,
          -0.68963385,
          0,
          -0.2796783,
          0.7658856,
          0.5789639,
          0,
          0.207928,
          3.3312628,
          0.7376684,
          1
        ]
      },
      {
        "date" : 729928789.047761,
        "title" : "Untitled",
        "transform" : [
          0.900441,
          -3.6502388e-06,
          0.43497807,
          0,
          0.3331456,
          0.64297676,
          -0.68963385,
          0,
          -0.2796783,
          0.7658856,
          0.5789639,
          0,
          0.122130334,
          2.9297602,
          1.2273508,
          1
        ]
      },
      {
        "date" : 729928719.239961,
        "title" : "Untitled",
        "transform" : [
          0.900441,
          -3.6502388e-06,
          0.43497807,
          0,
          0.3331456,
          0.64297676,
          -0.68963385,
          0,
          -0.2796783,
          0.7658856,
          0.5789639,
          0,
          -0.3885635,
          2.395458,
          1.6874563,
          1
        ]
      }
    ],
    "D9CA75AB-A59B-432D-BA1E-FD19A84A43B1" : [
      {
        "date" : 729999263.237037,
        "title" : "Untitled",
        "transform" : [
          0.99999994,
          0,
          0,
          0,
          0,
          0.8660051,
          -0.500035,
          0,
          0,
          0.500035,
          0.8660051,
          0,
          -0.42793265,
          215.01064,
          308.8365,
          1
        ]
      },
      {
        "date" : 729999225.006601,
        "title" : "Untitled",
        "transform" : [
          0.99999994,
          0,
          -0,
          0,
          -0,
          0.8660051,
          -0.500035,
          0,
          0,
          0.500035,
          0.8660051,
          0,
          -0.4279327,
          215.01064,
          308.83652,
          1
        ]
      }
    ],
    "D66134B1-3681-4A8E-AFE5-29F257229F3B" : [
      {
        "date" : 729999360.273088,
        "title" : "Untitled",
        "transform" : [
          0.999988,
          0,
          0.0048980513,
          0,
          0.0024490256,
          0.8660254,
          -0.499994,
          0,
          -0.0042418367,
          0.5,
          0.866015,
          0,
          0.014169825,
          0.56112236,
          1.1066941,
          1
        ]
      },
      {
        "date" : 729999354.738167,
        "title" : "Untitled",
        "transform" : [
          1,
          0,
          -0,
          0,
          -0,
          0.8660254,
          -0.5,
          0,
          0,
          0.5,
          0.8660254,
          0,
          0,
          0.22227226,
          0.3851869,
          1
        ]
      }
    ]
  },
  "selectedSceneRelativePath" : "flying_toasters.usda"
}