{
  "advancedEditorSelectedIdentifier" : "ProjectBrowser",
  "openSceneRelativePaths" : [
    "Moon.usda",
    "Sun.usda",
    "flying_toasters.usda",
    "Materials\/GridMaterial.usda"
  ],
  "recentIdentifiers" : {
    "4E1A9229-6152-4687-A264-D44215C51618" : [

    ],
    "635BA9E0-2AC4-4ED5-921F-FAE3E5304E8E" : [

    ],
    "E97B8253-420B-4156-8BD6-6EA01E3B4099" : [

    ]
  },
  "sceneCameraHistory" : {
    "4E1A9229-6152-4687-A264-D44215C51618" : [
      {
        "date" : 730876462.524989,
        "title" : "Untitled",
        "transform" : [
          0.99999994,
          0,
          -0,
          0,
          -0,
          0.8660254,
          -0.49999988,
          0,
          0,
          0.49999988,
          0.8660254,
          0,
          0,
          0.22315656,
          0.38651854,
          1
        ]
      }
    ],
    "5BEA9863-05B8-440F-8B4D-806F570438E6" : [
      {
        "date" : 734843841.556824,
        "title" : "Untitled",
        "transform" : [
          1,
          0,
          -0,
          0,
          -0,
          0.8660253,
          -0.50000006,
          0,
          0,
          0.50000006,
          0.8660253,
          0,
          -2.980232e-08,
          1.6393552,
          2.8394477,
          1
        ]
      }
    ],
    "6E477545-CA92-4F2F-BF79-6C68F9A61EA1" : [
      {
        "date" : 734843815.645712,
        "title" : "Untitled",
        "transform" : [
          1,
          0,
          -0,
          0,
          -0,
          0.8660253,
          -0.50000006,
          0,
          0,
          0.50000006,
          0.8660253,
          0,
          0,
          1.3529656,
          2.3434055,
          1
        ]
      }
    ],
    "635BA9E0-2AC4-4ED5-921F-FAE3E5304E8E" : [
      {
        "date" : 734855339.814456,
        "title" : "Untitled",
        "transform" : [
          0.21147086,
          4.5745164e-08,
          0.9773844,
          0,
          0.30891183,
          0.94873935,
          -0.06683747,
          0,
          -0.927283,
          0.31605974,
          0.20063071,
          0,
          -1.2657046,
          0.29526627,
          0.7555852,
          1
        ]
      },
      {
        "date" : 734855323.197815,
        "title" : "Untitled",
        "transform" : [
          0.21147086,
          4.5745164e-08,
          0.9773844,
          0,
          0.30891183,
          0.94873935,
          -0.06683747,
          0,
          -0.927283,
          0.31605974,
          0.20063071,
          0,
          -0.153674,
          0.06750105,
          0.13024968,
          1
        ]
      },
      {
        "date" : 734855321.439488,
        "title" : "Untitled",
        "transform" : [
          0.21147086,
          4.5745164e-08,
          0.9773844,
          0,
          0.30891183,
          0.94873935,
          -0.06683747,
          0,
          -0.927283,
          0.31605974,
          0.20063071,
          0,
          -1.2657048,
          0.29526633,
          0.75558525,
          1
        ]
      },
      {
        "date" : 734855319.40488,
        "title" : "Untitled",
        "transform" : [
          0.21147086,
          4.5745164e-08,
          0.9773844,
          0,
          0.30891183,
          0.94873935,
          -0.06683747,
          0,
          -0.927283,
          0.31605974,
          0.20063071,
          0,
          -0.22693346,
          0.087709464,
          0.12763993,
          1
        ]
      },
      {
        "date" : 734855317.466492,
        "title" : "Untitled",
        "transform" : [
          0.21147086,
          4.5745164e-08,
          0.9773844,
          0,
          0.30891183,
          0.94873935,
          -0.06683747,
          0,
          -0.927283,
          0.31605974,
          0.20063071,
          0,
          -0.21426925,
          0.10915403,
          0.15238956,
          1
        ]
      },
      {
        "date" : 734855305.684693,
        "title" : "Untitled",
        "transform" : [
          0.21147086,
          4.5745164e-08,
          0.9773844,
          0,
          0.30891183,
          0.94873935,
          -0.06683747,
          0,
          -0.927283,
          0.31605974,
          0.20063071,
          0,
          -0.47232255,
          0.018782197,
          -0.017421722,
          1
        ]
      },
      {
        "date" : 734855304.045863,
        "title" : "Untitled",
        "transform" : [
          0.21147086,
          4.5745164e-08,
          0.9773844,
          0,
          0.30891183,
          0.94873935,
          -0.06683747,
          0,
          -0.927283,
          0.31605974,
          0.20063071,
          0,
          -0.17111951,
          0.020968886,
          -0.03142524,
          1
        ]
      },
      {
        "date" : 734854918.009004,
        "title" : "Untitled",
        "transform" : [
          0.21147086,
          4.5745164e-08,
          0.9773844,
          0,
          0.30891183,
          0.94873935,
          -0.06683747,
          0,
          -0.927283,
          0.31605974,
          0.20063071,
          0,
          -0.16680938,
          0.028582547,
          -0.023498856,
          1
        ]
      },
      {
        "date" : 734854895.32577,
        "title" : "Untitled",
        "transform" : [
          0.21147086,
          5.4980994e-08,
          0.9773844,
          0,
          0.30891183,
          0.94873935,
          -0.06683748,
          0,
          -0.927283,
          0.31605974,
          0.20063071,
          0,
          -0.6259898,
          0.03918228,
          0.012413327,
          1
        ]
      },
      {
        "date" : 734854893.71605,
        "title" : "Untitled",
        "transform" : [
          0.21147086,
          5.4980994e-08,
          0.9773844,
          0,
          0.30891183,
          0.94873935,
          -0.06683748,
          0,
          -0.927283,
          0.31605974,
          0.20063071,
          0,
          -0.47232246,
          0.018782228,
          -0.017421603,
          1
        ]
      }
    ],
    "3278FC14-314A-4F3E-9EB3-30F37B4DD961" : [
      {
        "date" : 730079472.851545,
        "title" : "Untitled",
        "transform" : [
          0.99999994,
          0,
          -0,
          0,
          -0,
          0.8660254,
          -0.49999994,
          0,
          0,
          0.49999994,
          0.8660254,
          0,
          0,
          0.23023058,
          0.3987711,
          1
        ]
      }
    ],
    "AF09ED6F-1707-48FD-8720-65B998362C09" : [
      {
        "date" : 729990316.411623,
        "title" : "Untitled",
        "transform" : [
          0.9206945,
          -3.6447009e-06,
          0.39028412,
          0,
          0.01351734,
          0.99940026,
          -0.03187857,
          0,
          -0.3900499,
          0.034625962,
          0.9201424,
          0,
          0.40474164,
          1.8097949,
          0.0217129,
          1
        ]
      },
      {
        "date" : 729934636.347836,
        "title" : "Untitled",
        "transform" : [
          0.9206945,
          -3.6447009e-06,
          0.39028412,
          0,
          0.01351734,
          0.99940026,
          -0.03187857,
          0,
          -0.3900499,
          0.034625962,
          0.9201424,
          0,
          0.50390446,
          1.6375598,
          0.07022959,
          1
        ]
      },
      {
        "date" : 729931863.034829,
        "title" : "Untitled",
        "transform" : [
          0.9206945,
          -3.6447009e-06,
          0.39028412,
          0,
          0.01351734,
          0.99940026,
          -0.03187857,
          0,
          -0.3900499,
          0.034625962,
          0.9201424,
          0,
          0.38638937,
          1.8268638,
          0.013291001,
          1
        ]
      },
      {
        "date" : 729930421.556266,
        "title" : "Untitled",
        "transform" : [
          0.92069435,
          -3.6447004e-06,
          0.39028406,
          0,
          0.01351734,
          0.99940026,
          -0.03187857,
          0,
          -0.39004984,
          0.03462596,
          0.9201423,
          0,
          0.3902185,
          1.6872128,
          0.020169377,
          1
        ]
      },
      {
        "date" : 729929732.041208,
        "title" : "Untitled",
        "transform" : [
          0.900441,
          -3.6502388e-06,
          0.43497807,
          0,
          0.3331456,
          0.64297676,
          -0.68963385,
          0,
          -0.2796783,
          0.7658856,
          0.5789639,
          0,
          0.51242626,
          2.108465,
          -0.30574474,
          1
        ]
      },
      {
        "date" : 729929721.077852,
        "title" : "Untitled",
        "transform" : [
          0.900441,
          -3.6502388e-06,
          0.43497807,
          0,
          0.3331456,
          0.64297676,
          -0.68963385,
          0,
          -0.2796783,
          0.7658856,
          0.5789639,
          0,
          0.63280004,
          1.7936156,
          -0.4696737,
          1
        ]
      },
      {
        "date" : 729929719.697741,
        "title" : "Untitled",
        "transform" : [
          0.900441,
          -3.6502388e-06,
          0.43497807,
          0,
          0.3331456,
          0.64297676,
          -0.68963385,
          0,
          -0.2796783,
          0.7658856,
          0.5789639,
          0,
          0.5707208,
          2.0182855,
          -0.29326558,
          1
        ]
      },
      {
        "date" : 729929408.915638,
        "title" : "Untitled",
        "transform" : [
          0.900441,
          -3.6502388e-06,
          0.43497807,
          0,
          0.3331456,
          0.64297676,
          -0.68963385,
          0,
          -0.2796783,
          0.7658856,
          0.5789639,
          0,
          0.207928,
          3.3312628,
          0.7376684,
          1
        ]
      },
      {
        "date" : 729928789.047761,
        "title" : "Untitled",
        "transform" : [
          0.900441,
          -3.6502388e-06,
          0.43497807,
          0,
          0.3331456,
          0.64297676,
          -0.68963385,
          0,
          -0.2796783,
          0.7658856,
          0.5789639,
          0,
          0.122130334,
          2.9297602,
          1.2273508,
          1
        ]
      },
      {
        "date" : 729928719.239961,
        "title" : "Untitled",
        "transform" : [
          0.900441,
          -3.6502388e-06,
          0.43497807,
          0,
          0.3331456,
          0.64297676,
          -0.68963385,
          0,
          -0.2796783,
          0.7658856,
          0.5789639,
          0,
          -0.3885635,
          2.395458,
          1.6874563,
          1
        ]
      }
    ],
    "D9CA75AB-A59B-432D-BA1E-FD19A84A43B1" : [
      {
        "date" : 729999263.237037,
        "title" : "Untitled",
        "transform" : [
          0.99999994,
          0,
          0,
          0,
          0,
          0.8660051,
          -0.500035,
          0,
          0,
          0.500035,
          0.8660051,
          0,
          -0.42793265,
          215.01064,
          308.8365,
          1
        ]
      },
      {
        "date" : 729999225.006601,
        "title" : "Untitled",
        "transform" : [
          0.99999994,
          0,
          -0,
          0,
          -0,
          0.8660051,
          -0.500035,
          0,
          0,
          0.500035,
          0.8660051,
          0,
          -0.4279327,
          215.01064,
          308.83652,
          1
        ]
      }
    ],
    "D66134B1-3681-4A8E-AFE5-29F257229F3B" : [
      {
        "date" : 729999360.273088,
        "title" : "Untitled",
        "transform" : [
          0.999988,
          0,
          0.0048980513,
          0,
          0.0024490256,
          0.8660254,
          -0.499994,
          0,
          -0.0042418367,
          0.5,
          0.866015,
          0,
          0.014169825,
          0.56112236,
          1.1066941,
          1
        ]
      },
      {
        "date" : 729999354.738167,
        "title" : "Untitled",
        "transform" : [
          1,
          0,
          -0,
          0,
          -0,
          0.8660254,
          -0.5,
          0,
          0,
          0.5,
          0.8660254,
          0,
          0,
          0.22227226,
          0.3851869,
          1
        ]
      }
    ],
    "DE0B86DA-1C8D-4F4E-92F6-BD76BAD17A23" : [
      {
        "date" : 730616909.347113,
        "title" : "Untitled",
        "transform" : [
          0.99162287,
          1.987484e-09,
          -0.12916678,
          0,
          -0.1290881,
          0.034899607,
          -0.99101883,
          0,
          0.004507864,
          0.99939084,
          0.03460724,
          0,
          0.17855717,
          0.5273971,
          0.12793575,
          1
        ]
      },
      {
        "date" : 730616890.128769,
        "title" : "Untitled",
        "transform" : [
          0.994936,
          1.9874842e-09,
          -0.10051057,
          0,
          -0.10044934,
          0.034899667,
          -0.9943299,
          0,
          0.0035077797,
          0.99939084,
          0.034722924,
          0,
          2.689424,
          7.8083916,
          3.3805006,
          1
        ]
      },
      {
        "date" : 730616882.780271,
        "title" : "Untitled",
        "transform" : [
          0.994936,
          -5.319265e-10,
          -0.10051057,
          0,
          -0.10044933,
          0.03489954,
          -0.99432987,
          0,
          0.0035077725,
          0.9993908,
          0.034722816,
          0,
          0.07140661,
          0.92966855,
          0.08572594,
          1
        ]
      },
      {
        "date" : 730616876.645368,
        "title" : "Untitled",
        "transform" : [
          1,
          0,
          -0,
          0,
          -0,
          0.89379805,
          -0.44846967,
          0,
          0,
          0.44846967,
          0.89379805,
          0,
          0.07350648,
          0.48798355,
          0.8719608,
          1
        ]
      }
    ],
    "E97B8253-420B-4156-8BD6-6EA01E3B4099" : [
      {
        "date" : 730107494.059247,
        "title" : "Untitled",
        "transform" : [
          1,
          0,
          0,
          0,
          0,
          0.8660254,
          -0.5,
          0,
          0,
          0.5,
          0.8660254,
          0,
          44.08413,
          0.6715183,
          85.788574,
          1
        ]
      },
      {
        "date" : 730107488.392163,
        "title" : "Untitled",
        "transform" : [
          1,
          0,
          -0,
          0,
          -0,
          0.8660254,
          -0.5,
          0,
          0,
          0.5,
          0.8660254,
          0,
          44.11331,
          0.13478851,
          84.70334,
          1
        ]
      },
      {
        "date" : 730107476.850436,
        "title" : "Untitled",
        "transform" : [
          1,
          0,
          0,
          0,
          0,
          0.8660254,
          -0.5,
          0,
          0,
          0.5,
          0.8660254,
          0,
          19.22432,
          60.988052,
          138.17851,
          1
        ]
      },
      {
        "date" : 730107475.091596,
        "title" : "Untitled",
        "transform" : [
          1,
          0,
          0,
          0,
          0,
          0.8660254,
          -0.5,
          0,
          0,
          0.5,
          0.8660254,
          0,
          19.226028,
          60.98386,
          138.17482,
          1
        ]
      },
      {
        "date" : 730107471.158159,
        "title" : "Untitled",
        "transform" : [
          1,
          0,
          0,
          0,
          0,
          0.8660254,
          -0.5,
          0,
          0,
          0.5,
          0.8660254,
          0,
          32.775078,
          27.79301,
          108.924286,
          1
        ]
      },
      {
        "date" : 730107469.507667,
        "title" : "Untitled",
        "transform" : [
          1,
          0,
          0,
          0,
          0,
          0.8660254,
          -0.5,
          0,
          0,
          0.5,
          0.8660254,
          0,
          22.551983,
          52.83635,
          130.99457,
          1
        ]
      },
      {
        "date" : 730107408.023752,
        "title" : "Untitled",
        "transform" : [
          1,
          0,
          0,
          0,
          0,
          0.8660254,
          -0.5,
          0,
          0,
          0.5,
          0.8660254,
          0,
          -0.20624506,
          69.69468,
          121.26142,
          1
        ]
      },
      {
        "date" : 730107405.051888,
        "title" : "Untitled",
        "transform" : [
          1,
          0,
          0,
          0,
          0,
          0.8660254,
          -0.5,
          0,
          0,
          0.5,
          0.8660254,
          0,
          -0.20624456,
          1.4191266,
          3.0046031,
          1
        ]
      },
      {
        "date" : 730107388.315691,
        "title" : "Untitled",
        "transform" : [
          1,
          0,
          -0,
          0,
          -0,
          0.8660254,
          -0.5,
          0,
          0,
          0.5,
          0.8660254,
          0,
          0,
          0.22189257,
          0.38432923,
          1
        ]
      }
    ]
  },
  "selectedSceneRelativePath" : "flying_toasters.usda"
}