{
  "advancedEditorSelectedIdentifier" : "ProjectBrowser",
  "openSceneRelativePaths" : [
    "flying_toasters.usda",
    "background_scene.usda"
  ],
  "recentIdentifiers" : {
    "635BA9E0-2AC4-4ED5-921F-FAE3E5304E8E" : [

    ],
    "E97B8253-420B-4156-8BD6-6EA01E3B4099" : [

    ]
  },
  "sceneCameraHistory" : {
    "635BA9E0-2AC4-4ED5-921F-FAE3E5304E8E" : [
      {
        "date" : 730107830.875893,
        "title" : "Untitled",
        "transform" : [
          0.9465009,
          8.559103e-09,
          0.3227013,
          0,
          0.11231297,
          0.9374796,
          -0.3294202,
          0,
          -0.3025259,
          0.3480401,
          0.88732535,
          0,
          -0.37897062,
          2.2078593,
          2.497978,
          1
        ]
      },
      {
        "date" : 730107798.881609,
        "title" : "Untitled",
        "transform" : [
          0.9465009,
          8.559103e-09,
          0.3227013,
          0,
          0.11231297,
          0.9374796,
          -0.3294202,
          0,
          -0.3025259,
          0.3480401,
          0.88732535,
          0,
          -0.29715058,
          2.3488908,
          3.2125635,
          1
        ]
      },
      {
        "date" : 730107794.421549,
        "title" : "Untitled",
        "transform" : [
          0.9999676,
          7.6327944e-11,
          0.008056553,
          0,
          0.005696843,
          0.7071068,
          -0.70708376,
          0,
          -0.005696844,
          0.70710677,
          0.70708394,
          0,
          0.7403376,
          3.442459,
          1.8781708,
          1
        ]
      },
      {
        "date" : 730107782.701573,
        "title" : "Untitled",
        "transform" : [
          0.9999676,
          7.6327944e-11,
          0.008056553,
          0,
          0.005696843,
          0.7071068,
          -0.70708376,
          0,
          -0.005696844,
          0.70710677,
          0.70708394,
          0,
          -0.6379116,
          1.8731998,
          0.25344002,
          1
        ]
      },
      {
        "date" : 730107776.9479,
        "title" : "Untitled",
        "transform" : [
          0.9999676,
          7.6327944e-11,
          0.008056553,
          0,
          0.005696843,
          0.7071068,
          -0.70708376,
          0,
          -0.005696844,
          0.70710677,
          0.70708394,
          0,
          -0.6257613,
          1.7946715,
          0.33206886,
          1
        ]
      },
      {
        "date" : 730107774.42408,
        "title" : "Untitled",
        "transform" : [
          0.9999676,
          7.6327944e-11,
          0.008056553,
          0,
          0.005696843,
          0.7071068,
          -0.70708376,
          0,
          -0.005696844,
          0.70710677,
          0.70708394,
          0,
          -0.64980465,
          1.884499,
          0.2420448,
          1
        ]
      },
      {
        "date" : 730107762.27587,
        "title" : "Untitled",
        "transform" : [
          0.9999676,
          7.6327944e-11,
          0.008056553,
          0,
          0.005696843,
          0.7071068,
          -0.70708376,
          0,
          -0.005696844,
          0.70710677,
          0.70708394,
          0,
          -0.18513307,
          2.2150261,
          0.9022796,
          1
        ]
      },
      {
        "date" : 730107741.291715,
        "title" : "Untitled",
        "transform" : [
          0.9999676,
          7.6327944e-11,
          0.008056553,
          0,
          0.005696843,
          0.7071068,
          -0.70708376,
          0,
          -0.005696844,
          0.70710677,
          0.70708394,
          0,
          -0.06608726,
          2.229525,
          0.8887395,
          1
        ]
      },
      {
        "date" : 730107728.701131,
        "title" : "Untitled",
        "transform" : [
          0.9999676,
          7.6327944e-11,
          0.008056553,
          0,
          0.005696843,
          0.7071068,
          -0.70708376,
          0,
          -0.005696844,
          0.70710677,
          0.70708394,
          0,
          -0.093077764,
          2.2069929,
          0.85424185,
          1
        ]
      },
      {
        "date" : 730107710.748077,
        "title" : "Untitled",
        "transform" : [
          0.9999676,
          7.6327944e-11,
          0.008056553,
          0,
          0.005696843,
          0.7071068,
          -0.70708376,
          0,
          -0.005696844,
          0.70710677,
          0.70708394,
          0,
          1.0746017,
          3.2951574,
          2.699008,
          1
        ]
      }
    ],
    "3278FC14-314A-4F3E-9EB3-30F37B4DD961" : [
      {
        "date" : 730079472.851545,
        "title" : "Untitled",
        "transform" : [
          0.99999994,
          0,
          -0,
          0,
          -0,
          0.8660254,
          -0.49999994,
          0,
          0,
          0.49999994,
          0.8660254,
          0,
          0,
          0.23023058,
          0.3987711,
          1
        ]
      }
    ],
    "AF09ED6F-1707-48FD-8720-65B998362C09" : [
      {
        "date" : 729990316.411623,
        "title" : "Untitled",
        "transform" : [
          0.9206945,
          -3.6447009e-06,
          0.39028412,
          0,
          0.01351734,
          0.99940026,
          -0.03187857,
          0,
          -0.3900499,
          0.034625962,
          0.9201424,
          0,
          0.40474164,
          1.8097949,
          0.0217129,
          1
        ]
      },
      {
        "date" : 729934636.347836,
        "title" : "Untitled",
        "transform" : [
          0.9206945,
          -3.6447009e-06,
          0.39028412,
          0,
          0.01351734,
          0.99940026,
          -0.03187857,
          0,
          -0.3900499,
          0.034625962,
          0.9201424,
          0,
          0.50390446,
          1.6375598,
          0.07022959,
          1
        ]
      },
      {
        "date" : 729931863.034829,
        "title" : "Untitled",
        "transform" : [
          0.9206945,
          -3.6447009e-06,
          0.39028412,
          0,
          0.01351734,
          0.99940026,
          -0.03187857,
          0,
          -0.3900499,
          0.034625962,
          0.9201424,
          0,
          0.38638937,
          1.8268638,
          0.013291001,
          1
        ]
      },
      {
        "date" : 729930421.556266,
        "title" : "Untitled",
        "transform" : [
          0.92069435,
          -3.6447004e-06,
          0.39028406,
          0,
          0.01351734,
          0.99940026,
          -0.03187857,
          0,
          -0.39004984,
          0.03462596,
          0.9201423,
          0,
          0.3902185,
          1.6872128,
          0.020169377,
          1
        ]
      },
      {
        "date" : 729929732.041208,
        "title" : "Untitled",
        "transform" : [
          0.900441,
          -3.6502388e-06,
          0.43497807,
          0,
          0.3331456,
          0.64297676,
          -0.68963385,
          0,
          -0.2796783,
          0.7658856,
          0.5789639,
          0,
          0.51242626,
          2.108465,
          -0.30574474,
          1
        ]
      },
      {
        "date" : 729929721.077852,
        "title" : "Untitled",
        "transform" : [
          0.900441,
          -3.6502388e-06,
          0.43497807,
          0,
          0.3331456,
          0.64297676,
          -0.68963385,
          0,
          -0.2796783,
          0.7658856,
          0.5789639,
          0,
          0.63280004,
          1.7936156,
          -0.4696737,
          1
        ]
      },
      {
        "date" : 729929719.697741,
        "title" : "Untitled",
        "transform" : [
          0.900441,
          -3.6502388e-06,
          0.43497807,
          0,
          0.3331456,
          0.64297676,
          -0.68963385,
          0,
          -0.2796783,
          0.7658856,
          0.5789639,
          0,
          0.5707208,
          2.0182855,
          -0.29326558,
          1
        ]
      },
      {
        "date" : 729929408.915638,
        "title" : "Untitled",
        "transform" : [
          0.900441,
          -3.6502388e-06,
          0.43497807,
          0,
          0.3331456,
          0.64297676,
          -0.68963385,
          0,
          -0.2796783,
          0.7658856,
          0.5789639,
          0,
          0.207928,
          3.3312628,
          0.7376684,
          1
        ]
      },
      {
        "date" : 729928789.047761,
        "title" : "Untitled",
        "transform" : [
          0.900441,
          -3.6502388e-06,
          0.43497807,
          0,
          0.3331456,
          0.64297676,
          -0.68963385,
          0,
          -0.2796783,
          0.7658856,
          0.5789639,
          0,
          0.122130334,
          2.9297602,
          1.2273508,
          1
        ]
      },
      {
        "date" : 729928719.239961,
        "title" : "Untitled",
        "transform" : [
          0.900441,
          -3.6502388e-06,
          0.43497807,
          0,
          0.3331456,
          0.64297676,
          -0.68963385,
          0,
          -0.2796783,
          0.7658856,
          0.5789639,
          0,
          -0.3885635,
          2.395458,
          1.6874563,
          1
        ]
      }
    ],
    "D9CA75AB-A59B-432D-BA1E-FD19A84A43B1" : [
      {
        "date" : 729999263.237037,
        "title" : "Untitled",
        "transform" : [
          0.99999994,
          0,
          0,
          0,
          0,
          0.8660051,
          -0.500035,
          0,
          0,
          0.500035,
          0.8660051,
          0,
          -0.42793265,
          215.01064,
          308.8365,
          1
        ]
      },
      {
        "date" : 729999225.006601,
        "title" : "Untitled",
        "transform" : [
          0.99999994,
          0,
          -0,
          0,
          -0,
          0.8660051,
          -0.500035,
          0,
          0,
          0.500035,
          0.8660051,
          0,
          -0.4279327,
          215.01064,
          308.83652,
          1
        ]
      }
    ],
    "D66134B1-3681-4A8E-AFE5-29F257229F3B" : [
      {
        "date" : 729999360.273088,
        "title" : "Untitled",
        "transform" : [
          0.999988,
          0,
          0.0048980513,
          0,
          0.0024490256,
          0.8660254,
          -0.499994,
          0,
          -0.0042418367,
          0.5,
          0.866015,
          0,
          0.014169825,
          0.56112236,
          1.1066941,
          1
        ]
      },
      {
        "date" : 729999354.738167,
        "title" : "Untitled",
        "transform" : [
          1,
          0,
          -0,
          0,
          -0,
          0.8660254,
          -0.5,
          0,
          0,
          0.5,
          0.8660254,
          0,
          0,
          0.22227226,
          0.3851869,
          1
        ]
      }
    ],
    "E97B8253-420B-4156-8BD6-6EA01E3B4099" : [
      {
        "date" : 730107494.059247,
        "title" : "Untitled",
        "transform" : [
          1,
          0,
          0,
          0,
          0,
          0.8660254,
          -0.5,
          0,
          0,
          0.5,
          0.8660254,
          0,
          44.08413,
          0.6715183,
          85.788574,
          1
        ]
      },
      {
        "date" : 730107488.392163,
        "title" : "Untitled",
        "transform" : [
          1,
          0,
          -0,
          0,
          -0,
          0.8660254,
          -0.5,
          0,
          0,
          0.5,
          0.8660254,
          0,
          44.11331,
          0.13478851,
          84.70334,
          1
        ]
      },
      {
        "date" : 730107476.850436,
        "title" : "Untitled",
        "transform" : [
          1,
          0,
          0,
          0,
          0,
          0.8660254,
          -0.5,
          0,
          0,
          0.5,
          0.8660254,
          0,
          19.22432,
          60.988052,
          138.17851,
          1
        ]
      },
      {
        "date" : 730107475.091596,
        "title" : "Untitled",
        "transform" : [
          1,
          0,
          0,
          0,
          0,
          0.8660254,
          -0.5,
          0,
          0,
          0.5,
          0.8660254,
          0,
          19.226028,
          60.98386,
          138.17482,
          1
        ]
      },
      {
        "date" : 730107471.158159,
        "title" : "Untitled",
        "transform" : [
          1,
          0,
          0,
          0,
          0,
          0.8660254,
          -0.5,
          0,
          0,
          0.5,
          0.8660254,
          0,
          32.775078,
          27.79301,
          108.924286,
          1
        ]
      },
      {
        "date" : 730107469.507667,
        "title" : "Untitled",
        "transform" : [
          1,
          0,
          0,
          0,
          0,
          0.8660254,
          -0.5,
          0,
          0,
          0.5,
          0.8660254,
          0,
          22.551983,
          52.83635,
          130.99457,
          1
        ]
      },
      {
        "date" : 730107408.023752,
        "title" : "Untitled",
        "transform" : [
          1,
          0,
          0,
          0,
          0,
          0.8660254,
          -0.5,
          0,
          0,
          0.5,
          0.8660254,
          0,
          -0.20624506,
          69.69468,
          121.26142,
          1
        ]
      },
      {
        "date" : 730107405.051888,
        "title" : "Untitled",
        "transform" : [
          1,
          0,
          0,
          0,
          0,
          0.8660254,
          -0.5,
          0,
          0,
          0.5,
          0.8660254,
          0,
          -0.20624456,
          1.4191266,
          3.0046031,
          1
        ]
      },
      {
        "date" : 730107388.315691,
        "title" : "Untitled",
        "transform" : [
          1,
          0,
          -0,
          0,
          -0,
          0.8660254,
          -0.5,
          0,
          0,
          0.5,
          0.8660254,
          0,
          0,
          0.22189257,
          0.38432923,
          1
        ]
      }
    ]
  },
  "selectedSceneRelativePath" : "flying_toasters.usda"
}